,,C15.C116f,C15.C15ar,C15.C15ct.C15cp.C15cq,C3.C15.C3dc,C15.C42a.C42.2.C1,C116.C15.C15h,C15.C3.C1,C1.C15.C1c,C15.C1,C15.C116,C15.C15cs,C15.C1.C1b,C15,C15.C15by,C15.C15bn.C15by,C1.C42.2.C3.C15.C1b.C42a.C1d.C31.C1az.C1au,C3.C15,C15.C15ct.C15ej,C15cu.C15cv.C15.C15cw.C15co.C15cx,C15cu.C15.C15cv.C15co,C15.C15cs.C15cr.C15ec,C15.C116f.C15dz,C15.C15ct.C15cy,C15.C15m,C15.C15hz,C15.C15cq,C15.C15bn,C15.C15cy.C15ct.C15cz,C15.C15ch,C15cs.C15.C15da.C15hi.C15cr,C15.C15ej,C15ei.C15.C15dy.C116w,C15.C15ch.C15cp,C15.C15cn.C15cq.C15dz.C15fz,C15.C15n,C15.C15cs.C15cr.C15bb,C15.C15cs.C15cr,C15.C15ed,C15.C15ev,C15h.C15,C15.C15l.C15n.C15bb.C15.8,C15.C15cp,C1.C3.C1b.C15.C31.C42a.C15cu.C42.2,C15.C15ct,C15cu.C15.C15cv.C15co.C15cw,C15.C15ct.C15ch.C15cp,C15.C15m.C15ds,C15.C15ct.C15ch,C15.C15ct.C15ch.C15cp.C15hj,C15.C15ct.C15ch.C15cp.C15cq,C15.C116f.C15dz.C15cq,C15.C15cy.C15ct.C15on,C15.C15ar.C15ea,C15m.C15db.C15.C15ae.C15bk,C15.C15ct.C15cy.C15ch,C15.C15cs.C15cr.C15bb.C15eb,C15cu.C15cv.C15.C15co.C15cp,C15.C15ct.C15ch.C15hj,C15.C15cn,C15.C15cp.C15ch.C15cq,C15.C15dt,C116.C116q,C116.C116u,C116.C116i.C116q,C116,C3dd.C3.C116,C116.C42.2.C1,C116.C116q.C116u,C3.C116.C3dc,C15h.C15dw.C15hk.C15dx.C15du.C15dv,C15h.C15dw.C15du.C15dx,C15h.C15dw.C15dx.C15dv.C15du,C15h.C15dw.C15dx,C15h.C3,C15h,C1.C3.C1c.C1b.C42.2.C1bh,C42a.C42.2.C1.C1b.C42b.C42ad.C42ac.C42h.C42ai,C1.C1b.C1u.C3.C1bo.C42.2,C1.C1c.C1b.C72k.C42.2,C3.C1.C42a.C1b.C42.2.C42ad,C3.C1.C31.C42.2.C42a.C1b,C42.2.C42a.C1.C1b.C3,C42a.C1.C42.2.C1az.C1b,C1.C1av.C3ct.C1aw.C3.C1c,C1.C42a.C42.2.C1b.C42ad.C1au.C42ac.C1az,C3.C50a.C1.C1b.C50l,C1.C1b.C1u,C1.C42.2.C42g.C42a.C1b.C1au.C1az.C42h.C3,C1,C1d.C1,C1.C1c.C1al.C1b,C1d.C1.C42.2,C1.C3.C1c.C1b.C42.2.C1bh.C1br,C42.2.C1.C42a.C1b.C3.C1au.C115k,C1.C3.C42.2,C1.C3.C1c.C1b.C1w,C1.C1c.C42.2,C66.C1.C1c,C1.C1c.C1b.C72k.C42.2.C1br.C1cb,C42.2.C1.C42a.C1b.C1au.C1az.C3.C115d,C42a.C1.C42.2,C50a.C42.2.C3.C1.C1b.C1c,C42.2.C1b.C42a.C1.C42ao,C1.C42.2.C1b.C3.C1au,C42.2.C1.C42a.C42g.C3.C1b.C1au,C1.C42a.C1b.C1az.C42.2.C1au.C42g,C1.C42.2.C42g.C42a.C1b.C1az.C3.C1au,C1d.C1ba.C42.2.C1b.C1.C3cg,C1.C1c.C3.C1al,C1d.C1.C42.2.C3cg.C1b.C3cw.C45c.C115k,C1b.C3.C42.2.C1.C42a.C42g.C1az,C1.C1c,C42a.C42.2.C1.C1b.C1j.C1au.C3,C42u.C42a.C1.C42.2.C42b.C1b.C1au,C42a.C42b.C1.C42.2.C1az,C42g.C42a.C42.2.C1.C42h.C42b.C1b.C1au,C42a.C1.C42.2.C1b.C1j.C1au.C3.C115l,C42.2.C1.C42a.C1b.C1au.C1az.C115d,C42.2.C42a.C1.C1b,C1.C42.2.C1b,C1b.C1.C42a.C42.2.C1j.C115l,C3.C1,C1.C1c.C1al.C1b.C42.2,C1.C1b.C1u.C3.C1bo,C42a.C42.2.C1.C42ad.C42ac.C1b.C42ah,C42a.C42.2.C1.C42ad.C1b.C42ac.C42ah.C1az,C1b.C1.C3.C1u.C1bs.C1bn,C1.C3.C1b.C1u.C1bn,C42a.C42.2.C1.C42b.C1b.C42ad.C42ac,C1.C1b.C3.C1u.C3.2.C1bo,C42a.C1.C42.2.C42ac.C1b.C42ad,C1.C3.C42.2.C1c.C1b,C42a.C42.2.C1.C42ad.C1b.C42ac.C1az.C1au.C42g,C42a.C3.C42.2.C1.C42ad.C1b.C42ah.C42ac,C42a.C42.2.C1.C42ad.C1b.C42b.C42ah.C42ac,C42a.C42.2.C1.C1b.C1au,C1.C3.C1b,C42a.C3.C1.C42.2.C42ad.C1b.C42ac.C1az,C3.C42a.C3dc.C1,C1.C42.2.C3.C1b,C1.C1b.C3.C1u.C1bo.C1bn,C3.C115,C3.C1bp,C3,C3.C7,C40.C3,C50a.C3.C3ad.C50f,C50a.C3,C3.C3a,C3.C3dc,C3.C3dc.C3di,C3.C3dc.C3a,C3.C3dc.C3a.C3di,C3u.C3,C50a.C3.C50l.C50m.C50n,C3.C50a.C3dc.C50l,C3.C1bp.C3dg.C3df.C3dh,C42.2,C42a.C42.2,C1d.C42.2,C31.C31d.C21.C42a,C31.C17d.C21,C31.C17d.C17e.C21,C31.C17d.C31.1,C31.C17d,C1d.C31,C31.C31.1.C17d.C21,C31.C17e.C21.C31a.C17d,C31.C17d.C21.C31.1.C31f.C21ac,C31.C21.C31e.C21ac,C31.C21.C31e.C31d,C31,C31.C21,C31.C31a.C17d.C21,C31.C21.C31d.C21aj,C31.C21.C31d.C31e.C21aj,C31.C21.C31d.C21ac.C21aj,C31.C21ac.C21.C31d,C31.C21.C31e,C21,C50a,C50a.C50l.C50n.C50m,C1d,C66,C116b,C91,C3dd,C3dj,C42an,C15dy,C116a.C116v.C116x,C116a.C116v.C116x.C3gd
C15.C116f,174592,0,0.003075484,0.003398434,0.016641459,0.010034354,0.004129603,0.011264347,0.013883915,0.010398915,0.00359488,0.004288917,0.01226743,0.002664216,0.002842211,0.002878679,0.022472697,0.010548975,0.003583949,0.008950936,0.007656771,0.004379857,0.002219424,0.004526746,0.003507387,0.003374542,0.003034354,0.003076206,0.003759324,0.00387472,0.008382562,0.003490144,0.004208663,0.004614691,0.005227641,0.003302464,0.004519378,0.003153955,0.003287912,0.002475977,0.005287051,0.003088953,0.003515485,0.019769689,0.003696657,0.008348384,0.003454851,0.004154827,0.00347513,0.003518015,0.003432336,0.002375898,0.003572369,0.002866456,0.007655304,0.003418282,0.004544508,0.007612874,0.003335434,0.002884538,0.003871706,0.002780084,0.010633539,0.010390327,0.009970966,0.010154183,0.014320209,0.015420364,0.010536045,0.013896558,0.008659343,0.007943788,0.008099266,0.007458992,0.012070643,0.006500435,0.022227567,0.029618733,0.022156396,0.022503478,0.023098126,0.023943402,0.024472996,0.026268902,0.023317714,0.027298971,0.022126502,0.022748366,0.027015034,0.021849931,0.027032468,0.022716772,0.028282953,0.022360704,0.024875599,0.021492467,0.022304582,0.02312103,0.027679537,0.022603089,0.024838143,0.026624707,0.023663606,0.025000355,0.023043301,0.025264002,0.024885727,0.02569048,0.02891646,0.022213393,0.026475684,0.024616002,0.022767616,0.025821866,0.0321962,0.030032444,0.032404123,0.025452927,0.025158241,0.025594898,0.022782748,0.025301855,0.019814957,0.022719562,0.022187876,0.029430898,0.029454739,0.021780535,0.020743847,0.029242912,0.021716494,0.029326763,0.021732623,0.028964162,0.027664583,0.030264612,0.027215945,0.020857919,0.026625915,0.020467733,0.02235328,0.022002874,0.01946113,0.019540878,0.018015037,0.018977324,0.022749058,0.02447403,0.022533171,0.019100562,0.018689736,0.019070948,0.018467295,0.019084843,0.015889417,0.028423374,0.021391715,0.022009413,0.025695873,0.027992019,0.02865434,0.031895096,0.029231831,0.029513777,0.032853676,0.030744901,0.031114282,0.033149784,0.032212213,0.03110765,0.031381983,0.028708088,0.033566864,0.027750255,0.031447222,0.030121105,0.031742856,0.030786004,0.031334772,0.031205528,0.018017037,0.025672359,0.030060682,0.029531945,0.033551773,0.013983741,0.010349608,0.02183968,0.025680355,0.029525165,0.010345998,0.019123234,0.019076171
C15.C15ar,174594,0.003075484,0,0.001144312,0.014387499,0.007780394,0.005873006,0.009010387,0.011629955,0.008144955,0.005338497,0.002036102,0.01001347,0.000411482,0.000588797,0.000625199,0.020218737,0.008295015,0.001329345,0.006696976,0.005402811,0.002125681,0.0014385,0.002272142,0.001256993,0.001120456,0.000782297,0.000822113,0.001505069,0.001620545,0.006129171,0.00123597,0.005252229,0.002360516,0.002973204,0.0010491,0.002265571,0.000900874,0.001033715,0.000599903,0.003034236,0.000835428,0.00126131,0.017515729,0.001442054,0.006094424,0.001200247,0.001904433,0.001220526,0.001263446,0.001177975,0.001714533,0.001317875,0.000209201,0.00540491,0.001163682,0.002290718,0.005358796,0.001080871,0.000630963,0.00161788,0.000526909,0.012377156,0.012134067,0.011714584,0.0118978,0.016062467,0.017162621,0.012279759,0.015638816,0.006406528,0.005690973,0.005846451,0.005206176,0.009816683,0.00424762,0.019973607,0.027364773,0.019902436,0.020249518,0.020844166,0.021689442,0.022219036,0.024014942,0.021063754,0.025045011,0.019872542,0.020494406,0.024761074,0.019595971,0.024778508,0.020462811,0.026028993,0.020106744,0.022621639,0.019238507,0.020050622,0.02086707,0.025425577,0.020349129,0.022584183,0.024370747,0.021409646,0.022746395,0.020789341,0.023010042,0.022631767,0.02343652,0.0266625,0.019959433,0.024221724,0.022362042,0.020513655,0.023567906,0.02994224,0.027778483,0.030150163,0.023198967,0.022904281,0.023340938,0.020528788,0.023047895,0.017560997,0.020465602,0.019933916,0.027176938,0.027200779,0.019526575,0.018489887,0.026988952,0.019462534,0.027072803,0.019478663,0.026710202,0.025410623,0.028010651,0.024961985,0.018603959,0.024371955,0.018213773,0.02009932,0.019748914,0.01720717,0.017286918,0.015761077,0.016723364,0.020495098,0.02222007,0.020279211,0.016846601,0.016435776,0.016816988,0.016213335,0.016830883,0.013635457,0.026169414,0.019137755,0.019755453,0.023441913,0.025738059,0.02640038,0.029641136,0.026977871,0.027259817,0.030599716,0.028490941,0.028860322,0.030895823,0.029958253,0.02885369,0.029128023,0.026454127,0.031312904,0.025496295,0.029193261,0.027867145,0.029488896,0.028532044,0.029080812,0.028951568,0.015763077,0.023418399,0.027806722,0.027277985,0.031297813,0.015726025,0.008095648,0.01958572,0.023426395,0.027271205,0.008091823,0.020867199,0.020820136
C15.C15ct.C15cp.C15cq,174605,0.003398434,0.001144312,0,0.01471039,0.008103286,0.006195859,0.009333278,0.011952847,0.008467847,0.005661413,0.002359325,0.010336362,0.000734936,0.000912066,0.000948576,0.020541629,0.008617907,0.001042197,0.007019868,0.005725703,0.002448551,0.001761834,0.001985252,0.001579908,0.001443556,0.000699669,0.001145563,0.001218489,0.001942786,0.006452122,0.001558446,0.005574453,0.002232116,0.002890186,0.001372217,0.002588273,0.001224164,0.001356248,0.000923013,0.003357459,0.001158307,0.001132911,0.017838621,0.001155164,0.006417315,0.000682453,0.002227348,0.000933197,0.000751768,0.000454055,0.001728526,0.00103102,0.000935657,0.005727825,0.000876464,0.002613344,0.005230458,0.000793397,0.000953959,0.001106385,0.000850122,0.012700072,0.012456983,0.012037499,0.012220715,0.016384988,0.017485143,0.012602674,0.015961337,0.006729751,0.006014197,0.006169674,0.0055294,0.010139574,0.004570844,0.020296498,0.027687665,0.020225328,0.02057241,0.021167057,0.022012334,0.022541928,0.024337834,0.021386645,0.025367903,0.020195434,0.020817298,0.025083966,0.019918863,0.025101399,0.020785703,0.026351885,0.020429635,0.022944531,0.019561399,0.020373513,0.021189961,0.025748469,0.020672021,0.022907075,0.024693639,0.021732538,0.023069287,0.021112232,0.023332933,0.022954659,0.023759412,0.026985392,0.020282325,0.024544616,0.022684934,0.020836547,0.023890797,0.030265131,0.028101375,0.030473054,0.023521859,0.023227173,0.02366383,0.02085168,0.023370787,0.017883888,0.020788494,0.020256808,0.02749983,0.027523671,0.019849466,0.018812779,0.027311844,0.019785425,0.027395695,0.019801555,0.027033094,0.025733514,0.028333543,0.025284876,0.01892685,0.024694847,0.018536665,0.020422211,0.020071806,0.017530061,0.01760981,0.016083969,0.017046255,0.02081799,0.022542962,0.020602102,0.017169493,0.016758667,0.017139879,0.016536227,0.017153775,0.013958349,0.026492305,0.019460647,0.020078345,0.023764805,0.02606095,0.026723271,0.029964028,0.027300763,0.027582709,0.030922607,0.028813833,0.029183214,0.031218715,0.030281144,0.029176582,0.029450915,0.026777019,0.031635795,0.025819187,0.029516153,0.028190036,0.029811787,0.028854936,0.029403704,0.02927446,0.016085969,0.02374129,0.028129614,0.027600877,0.031620705,0.01604894,0.008418539,0.019908612,0.023749286,0.027594096,0.008414417,0.021190114,0.021143051
C3.C15.C3dc,174606,0.016641459,0.014387499,0.01471039,0,0.01153885,0.01943765,0.007201757,0.007942483,0.009336305,0.018903962,0.015600947,0.008215101,0.01397759,0.014154998,0.014191019,0.007093618,0.006092484,0.01489416,0.020248324,0.018955693,0.015690559,0.015005051,0.015834707,0.014822874,0.014686748,0.014348405,0.014387262,0.015071166,0.015183816,0.019692929,0.014800709,0.018812122,0.01592096,0.01653527,0.014614671,0.015830425,0.014466928,0.014599225,0.014166011,0.016598038,0.014401222,0.014825953,0.006423023,0.01500644,0.019646061,0.014765554,0.015470134,0.014785756,0.014828816,0.01474359,0.015281116,0.014884055,0.014178756,0.018969655,0.014729737,0.015855557,0.018911535,0.01464679,0.014197186,0.015181793,0.014093077,0.02594174,0.025698651,0.025279167,0.025462384,0.007685727,0.014992126,0.025844342,0.002958698,0.019969587,0.019254032,0.01940951,0.018769236,0.008530516,0.017810679,0.006848651,0.014240105,0.006777232,0.00712485,0.007717933,0.008563479,0.009093936,0.010890275,0.007938792,0.011920343,0.006746228,0.007369738,0.011636266,0.006471304,0.01165384,0.007338144,0.012904325,0.006981839,0.009496727,0.006112537,0.006925791,0.007742402,0.01230091,0.007224461,0.009459359,0.011246079,0.008284569,0.009621728,0.00766443,0.009885152,0.009507099,0.010311645,0.013537783,0.006834398,0.011096949,0.009236637,0.007388988,0.010443151,0.016817572,0.014653816,0.017025495,0.010074195,0.009779613,0.01021627,0.00740412,0.009923228,0.004434206,0.007340934,0.006808832,0.01405227,0.014076112,0.006401145,0.005363822,0.013864284,0.006337231,0.013948135,0.006353249,0.013585535,0.012285397,0.014885984,0.011837317,0.005478256,0.011246482,0.003922651,0.006974086,0.006623691,0.004081331,0.004159428,0.002633587,0.003595874,0.00736825,0.00909595,0.007153494,0.003719112,0.002048277,0.002429489,0.002407438,0.002443384,0.003761002,0.013045699,0.004819588,0.006627631,0.010317245,0.012613391,0.013275712,0.016516468,0.013853203,0.01413515,0.017475048,0.015366274,0.015735654,0.017771156,0.016833585,0.015729023,0.016003356,0.013329539,0.018188236,0.012371787,0.016068594,0.014742477,0.016364228,0.015407377,0.015956144,0.0158269,0.002639821,0.010295142,0.014683465,0.014153317,0.018173145,0.029290608,0.008301691,0.006465614,0.010306288,0.014146537,0.021646962,0.034431782,0.03438472
C15.C42a.C42.2.C1,174642,0.010034354,0.007780394,0.008103286,0.01153885,0,0.012831234,0.004337869,0.006330293,0.002845521,0.012297077,0.008994257,0.004714036,0.007370486,0.007547894,0.007583915,0.012522378,0.005446366,0.008287056,0.013651552,0.012357386,0.009084113,0.008397947,0.009228675,0.00821577,0.008079644,0.0077413,0.007780158,0.008464062,0.008576711,0.013087417,0.008193605,0.012208333,0.00931662,0.009930331,0.008007566,0.009223908,0.007859823,0.00799212,0.007558906,0.00999239,0.007794118,0.008218849,0.010264087,0.008399336,0.013048999,0.00815845,0.00886303,0.008178652,0.008221711,0.008136486,0.008674011,0.008276951,0.007571652,0.012363489,0.008122632,0.009249057,0.012313489,0.008039685,0.007590082,0.008574689,0.007485973,0.019335736,0.019092647,0.018673163,0.018856379,0.013213817,0.010239516,0.019238338,0.012790167,0.013364682,0.012649128,0.012804605,0.012164331,0.006968034,0.011205775,0.014391543,0.019584379,0.014395221,0.014867281,0.013063815,0.013912129,0.014438642,0.016234548,0.015764204,0.017264617,0.01498597,0.015194971,0.016980739,0.014296537,0.017855978,0.015162955,0.01910604,0.014653092,0.014841245,0.012315402,0.014750911,0.014376128,0.020125943,0.014823765,0.014803789,0.016590353,0.01465239,0.014966001,0.013866236,0.015229647,0.014851802,0.01565615,0.019739776,0.014659625,0.017298619,0.014581652,0.015213799,0.015787511,0.022161845,0.019998089,0.022369776,0.015418573,0.015123887,0.015560544,0.013605683,0.015267501,0.012261562,0.015081877,0.014634481,0.019396544,0.019420385,0.01422714,0.013190453,0.019208558,0.014163099,0.019292409,0.013571125,0.018929808,0.017630228,0.020230257,0.017181631,0.013304524,0.016591561,0.011652678,0.013176215,0.01444948,0.014358521,0.014438269,0.012912428,0.013874715,0.017646449,0.019371831,0.017430562,0.013997952,0.013587126,0.013968338,0.013364686,0.013982234,0.010786808,0.023321251,0.016289106,0.016906804,0.016519458,0.017958315,0.019477925,0.02469206,0.024128583,0.024410529,0.027750428,0.025641653,0.021938442,0.028046535,0.027108964,0.026004402,0.026278735,0.023604839,0.028463615,0.022647007,0.026343973,0.025017857,0.026639608,0.025682756,0.026231524,0.02610228,0.012915067,0.020570389,0.024958712,0.020356106,0.028448525,0.022684604,0.01014605,0.016738988,0.020579663,0.020349325,0.015047927,0.027825778,0.027778715
C116.C15.C15h,174650,0.004129603,0.005873006,0.006195859,0.01943765,0.012831234,0,0.014060863,0.016680309,0.013195628,0.001634927,0.007084177,0.015063948,0.005461952,0.005639854,0.005676304,0.025268888,0.013345467,0.006381076,0.011747127,0.010452962,0.007174995,0.005385225,0.007322113,0.006304439,0.006172094,0.00583209,0.005873727,0.006555013,0.006671607,0.011177341,0.006287368,0.007004854,0.007411193,0.008024037,0.006099866,0.007314518,0.005950867,0.006085323,0.005273713,0.005914627,0.005886361,0.006312682,0.02256588,0.006493668,0.011144575,0.006252112,0.006950554,0.00627237,0.006315303,0.006229667,0.005571532,0.006368857,0.005664023,0.010449434,0.006215045,0.007339635,0.010409065,0.006132851,0.005682159,0.006668631,0.00557776,0.008673116,0.008430027,0.008010543,0.00819376,0.01456258,0.013459375,0.008575718,0.016479213,0.009286919,0.008571365,0.008726842,0.008086568,0.012698219,0.007128012,0.025023758,0.032414924,0.024952587,0.025299669,0.025894316,0.026739593,0.027269187,0.029065093,0.026113905,0.030095162,0.024922693,0.025544557,0.029811225,0.024646122,0.029828659,0.025512962,0.031079144,0.025156895,0.02767179,0.024288658,0.025100772,0.025917221,0.030475728,0.02539928,0.027634334,0.029420898,0.026459797,0.027796546,0.025839492,0.028060193,0.027681918,0.028486671,0.031712651,0.025009584,0.029271875,0.027412193,0.025563806,0.028618057,0.034992391,0.032828634,0.035200314,0.028249118,0.027954432,0.028391089,0.025578939,0.028098046,0.022611147,0.025515753,0.024984067,0.032227089,0.03225093,0.024576725,0.023540038,0.032039103,0.024512684,0.032122954,0.024528814,0.031760353,0.030460773,0.033060802,0.030012136,0.02365411,0.029422106,0.023263924,0.025149471,0.024799065,0.022257321,0.022337069,0.020811228,0.021773515,0.025545249,0.027270221,0.025329362,0.021896752,0.021485926,0.021867138,0.021263486,0.021881034,0.018685608,0.031219565,0.024187906,0.024805604,0.028492064,0.03078821,0.03145053,0.034691287,0.032028022,0.032309968,0.035649867,0.033541092,0.033910473,0.035945974,0.035008403,0.033903841,0.034178174,0.031504278,0.036363054,0.030546446,0.034243412,0.032917296,0.034539047,0.033582195,0.034130963,0.034001719,0.020813228,0.028468549,0.032856873,0.032328136,0.036347964,0.012025666,0.013145798,0.024635871,0.028476546,0.032321356,0.013142189,0.01716392,0.017116858
C15.C3.C1,174651,0.011264347,0.009010387,0.009333278,0.007201757,0.004337869,0.014060863,0,0.002620621,0.002134549,0.01352685,0.010223834,0.001013345,0.008600478,0.008777886,0.008813907,0.011208952,0.001109273,0.009517048,0.014878138,0.013583973,0.010313447,0.009627939,0.010457595,0.009445762,0.009309636,0.008971292,0.00901015,0.009694054,0.009806704,0.014316684,0.009423597,0.013435665,0.010543952,0.011158278,0.009237559,0.010453313,0.009089816,0.009222112,0.008788899,0.011221657,0.00902411,0.009448841,0.008505578,0.009629328,0.014275585,0.009388442,0.010093022,0.009408644,0.009451703,0.009366478,0.009904003,0.009506943,0.008801644,0.013593119,0.009352624,0.010478445,0.013540076,0.009269677,0.008820074,0.009804681,0.008715965,0.020565365,0.020322276,0.019902792,0.020086009,0.008877642,0.008153696,0.020467967,0.008453074,0.014593949,0.013878395,0.014033872,0.013393598,0.003155761,0.012435042,0.010963984,0.018355862,0.010892565,0.011240184,0.011834019,0.012679276,0.013209352,0.015005608,0.012054126,0.016035677,0.010862786,0.011485072,0.015751599,0.010586637,0.015769173,0.011453477,0.01702033,0.011097172,0.01361206,0.010228121,0.011041124,0.011857736,0.016416243,0.011339795,0.013574692,0.015361413,0.012400288,0.01373779,0.011779763,0.014000486,0.013622433,0.014426979,0.017654274,0.010949731,0.015212633,0.013352055,0.011504321,0.014558584,0.020933234,0.018769257,0.021141551,0.014189554,0.013895069,0.014332003,0.011519454,0.014038703,0.00855061,0.011456268,0.010924166,0.018167995,0.018191672,0.010516531,0.009479501,0.017979993,0.010452564,0.018063882,0.010468583,0.017700984,0.016401257,0.019001938,0.015953342,0.00959359,0.015362094,0.009203964,0.011089419,0.010739025,0.010021428,0.010101176,0.008575335,0.009537622,0.013309356,0.015035694,0.01309365,0.009660859,0.009250033,0.009631245,0.009027593,0.009645141,0.006879254,0.018985267,0.011952013,0.012569711,0.014434005,0.016730151,0.017392472,0.021757687,0.019792706,0.020074652,0.02341455,0.021305776,0.019852414,0.023710658,0.022773087,0.021668525,0.021942858,0.019268962,0.024127738,0.01831113,0.022008096,0.020681979,0.02230373,0.021346879,0.021895647,0.021766403,0.008579389,0.01623471,0.020623034,0.018270077,0.024112647,0.023914234,0.008589869,0.012404036,0.01624471,0.018263297,0.016275259,0.029055407,0.029008345
C1.C15.C1c,174151,0.013883915,0.011629955,0.011952847,0.007942483,0.006330293,0.016680309,0.002620621,0,0.003485,0.016146418,0.012843403,0.001617805,0.011220047,0.011397454,0.011433475,0.009461809,0.003336994,0.012136617,0.017496556,0.016202391,0.012933015,0.012247507,0.013077163,0.01206533,0.011929204,0.011590861,0.011629718,0.012313622,0.012426272,0.016936007,0.012043165,0.016054793,0.013163416,0.013777726,0.011857127,0.013072881,0.011709384,0.011841681,0.011408467,0.013840981,0.011643678,0.012068409,0.007074734,0.012248897,0.016894003,0.012008011,0.01271259,0.012028213,0.012071272,0.011986047,0.012523572,0.012126511,0.011421212,0.016212565,0.011972193,0.013098013,0.016158494,0.011889246,0.011439642,0.012424249,0.011335533,0.023184811,0.022941722,0.022522238,0.022705455,0.009618735,0.008303069,0.023087413,0.0091938,0.017213273,0.016497718,0.016653196,0.016012921,0.005776137,0.015054365,0.008343652,0.016608558,0.009144786,0.008619563,0.010087868,0.011386894,0.011462481,0.013257642,0.009863418,0.014287679,0.011389299,0.009736847,0.01400404,0.008838296,0.014021343,0.008832857,0.015273026,0.008476789,0.011864625,0.008480639,0.008420667,0.009237115,0.014112622,0.008801241,0.011827054,0.013613909,0.011729272,0.011990486,0.010031438,0.012252951,0.011873973,0.012679272,0.015907019,0.008329478,0.013465436,0.011605481,0.0088837,0.01281132,0.019185929,0.017021622,0.019394247,0.012441804,0.01214737,0.012584698,0.009770885,0.012291399,0.00751439,0.008835647,0.009176247,0.01642069,0.016444367,0.008770238,0.007732393,0.016232688,0.008705263,0.016316577,0.008131781,0.015953624,0.01465451,0.017254634,0.014206037,0.007846332,0.013615594,0.00979879,0.009341417,0.008991575,0.010762154,0.010841902,0.009316061,0.010278348,0.014050082,0.015775949,0.013834499,0.010401585,0.009990759,0.010371972,0.009768319,0.010385867,0.008088902,0.019725369,0.012692739,0.013310437,0.012686701,0.014982847,0.015645167,0.02249653,0.020531731,0.020813677,0.024153576,0.022044801,0.01810511,0.024449683,0.023512112,0.02240755,0.022681883,0.020007987,0.024866763,0.019050155,0.022747121,0.021421005,0.023042756,0.022085904,0.022634672,0.022505428,0.009319185,0.016974507,0.02136283,0.016522773,0.024851673,0.02653368,0.010268424,0.013144077,0.016984751,0.016515993,0.018893929,0.031674853,0.031627791
C15.C1,174152,0.010398915,0.008144955,0.008467847,0.009336305,0.002845521,0.013195628,0.002134549,0.003485,0,0.01266147,0.009358483,0.001869097,0.007735047,0.007912455,0.007948476,0.012074484,0.003243822,0.008651617,0.014014542,0.012720377,0.00944834,0.008762508,0.009592488,0.008580331,0.008444205,0.008105861,0.008144719,0.008828623,0.008941272,0.013451643,0.008558166,0.012571668,0.009679954,0.010293665,0.008372128,0.009588135,0.008224385,0.008356681,0.007923467,0.010356617,0.008158679,0.00858341,0.009371774,0.008763897,0.013411989,0.008523011,0.009227591,0.008543213,0.008586272,0.008501047,0.009038572,0.008641512,0.007936213,0.012727883,0.008487193,0.009613283,0.01267648,0.008404246,0.007954643,0.00893925,0.007850534,0.019700129,0.01945704,0.019037556,0.019220773,0.011011605,0.009019067,0.019602732,0.010587622,0.013728909,0.013013355,0.013168832,0.012528558,0.004765489,0.011570002,0.011828651,0.019221233,0.01175748,0.012104563,0.012700443,0.013545699,0.014075157,0.015870318,0.012918798,0.016900354,0.012783122,0.012349477,0.016616715,0.011451016,0.016634019,0.012317856,0.017885701,0.011961788,0.0144773,0.011093552,0.011905666,0.012722114,0.017280622,0.012204174,0.014439729,0.016226585,0.013305096,0.014603161,0.012644385,0.014865626,0.01448683,0.015291948,0.018519694,0.011814477,0.016078112,0.014218156,0.0123687,0.015423995,0.021798605,0.019634297,0.022006922,0.01505448,0.014760046,0.015197374,0.012383833,0.014904074,0.009416041,0.012320647,0.011788961,0.019033366,0.019057043,0.011382368,0.010344932,0.018845364,0.011317703,0.018929253,0.011333708,0.0185663,0.017267186,0.01986731,0.016818713,0.010459003,0.01622827,0.01119284,0.011954364,0.011604079,0.012155976,0.012235725,0.010709884,0.01167217,0.015443905,0.017169454,0.015228017,0.011795408,0.011384582,0.011765794,0.011162142,0.01177969,0.008584264,0.021118874,0.014086562,0.01470426,0.015299377,0.017595522,0.018257843,0.023890853,0.021925872,0.022207818,0.025547716,0.023438942,0.020717785,0.025843824,0.024906253,0.023801691,0.024076024,0.021402128,0.026260904,0.020444296,0.024141262,0.022815145,0.024436896,0.023480045,0.024028813,0.023899568,0.01071269,0.018368012,0.022756335,0.019135449,0.026245813,0.023048998,0.009225602,0.014536946,0.01837762,0.019128668,0.015411262,0.028190172,0.028143109
C15.C116,173648,0.00359488,0.005338497,0.005661413,0.018903962,0.012297077,0.001634927,0.01352685,0.016146418,0.01266147,0,0.006551432,0.014529934,0.00492723,0.005105224,0.005141693,0.024735201,0.012811479,0.005846831,0.01121344,0.009919275,0.00664236,0.004850578,0.006789249,0.005769716,0.005637555,0.005297367,0.005339219,0.006022206,0.00613745,0.010645065,0.005753075,0.006471167,0.006877194,0.007490144,0.005565477,0.006781881,0.005416968,0.005550925,0.004738991,0.007549554,0.005351946,0.005778403,0.022032193,0.005959482,0.010610887,0.005717801,0.006415831,0.005738069,0.005780978,0.005695297,0.0050369,0.00583533,0.00512947,0.009914574,0.005681251,0.006807011,0.009875378,0.005598447,0.005147551,0.006134438,0.005043098,0.007038659,0.00679557,0.006376086,0.006559303,0.014028892,0.011825483,0.006941261,0.015945525,0.010921846,0.010206292,0.010361769,0.009721495,0.014333146,0.008762939,0.02449007,0.031881237,0.024418899,0.024765982,0.025360629,0.026205905,0.0267355,0.028531406,0.025580217,0.029561474,0.024389006,0.025010869,0.029277537,0.024112435,0.029294971,0.024979275,0.030545457,0.024623207,0.027138103,0.023754971,0.024567085,0.025383533,0.029942041,0.024865592,0.027100646,0.02888721,0.02592611,0.027262859,0.025305804,0.027526505,0.02714823,0.027952984,0.031178964,0.024475896,0.028738188,0.026878505,0.025030119,0.028084369,0.034458703,0.032294947,0.034666626,0.02771543,0.027420744,0.027857401,0.025045251,0.027564359,0.02207746,0.024982065,0.024450379,0.031693401,0.031717243,0.024043038,0.023006351,0.031505415,0.023978997,0.031589266,0.023995126,0.031226666,0.029927086,0.032527115,0.029478448,0.023120422,0.028888418,0.022730237,0.024615783,0.024265377,0.021723633,0.021803381,0.020277541,0.021239827,0.025011561,0.026736534,0.024795674,0.021363065,0.020952239,0.021333451,0.020729798,0.021347346,0.018151921,0.030685877,0.023654218,0.024271917,0.027958376,0.030254522,0.030916843,0.0341576,0.031494335,0.031776281,0.035116179,0.033007405,0.033376785,0.035412287,0.034474716,0.033370154,0.033644487,0.030970591,0.035829367,0.030012759,0.033709725,0.032383608,0.034005359,0.033048508,0.033597276,0.033468031,0.020279541,0.027934862,0.032323185,0.031794448,0.035814276,0.010391672,0.012612111,0.024102184,0.027942858,0.031787668,0.012608501,0.015529559,0.015482497
C15.C15cs,174678,0.004288917,0.002036102,0.002359325,0.015600947,0.008994257,0.007084177,0.010223834,0.012843403,0.009358483,0.006551432,0,0.011226918,0.001625049,0.00180295,0.0018394,0.021432185,0.009508463,0.002544172,0.007910424,0.006616259,0.000401336,0.002652912,0.003485604,0.002470332,0.00233519,0.001995863,0.002036823,0.002718782,0.002834639,0.004093724,0.002450464,0.006465892,0.003574178,0.004187889,0.002262962,0.000730874,0.001240257,0.002248419,0.001813469,0.004244426,0.002049606,0.002475778,0.018729177,0.002656764,0.007307871,0.002415209,0.003117592,0.002435466,0.002478399,0.00239293,0.002929063,0.002532325,0.001827119,0.006617845,0.002378392,0.000748355,0.006572362,0.002295948,0.001845256,0.002832077,0.001740857,0.013590091,0.013347002,0.012927518,0.013110735,0.017275914,0.018376069,0.013492693,0.016852264,0.007616718,0.006901163,0.007056641,0.006416367,0.011028018,0.005457811,0.021187055,0.028578221,0.021115884,0.021462966,0.022057613,0.02290289,0.023432484,0.02522839,0.022277201,0.026258459,0.02108599,0.021707854,0.025974522,0.020809419,0.025991956,0.021676259,0.027242441,0.021320192,0.023835087,0.020451955,0.021264069,0.022080518,0.026639025,0.021562577,0.023797631,0.025584195,0.022623094,0.023959843,0.022002789,0.024223489,0.023845215,0.024649968,0.027875948,0.021172881,0.025435172,0.02357549,0.021727103,0.024781354,0.031155687,0.028991931,0.03136361,0.024412415,0.024117729,0.024554386,0.021742236,0.024261343,0.018774444,0.02167905,0.021147364,0.028390386,0.028414227,0.020740022,0.019703335,0.0282024,0.020675981,0.028286251,0.020692111,0.02792365,0.02662407,0.029224099,0.026175433,0.019817406,0.025585403,0.019427221,0.021312767,0.020962362,0.018420617,0.018500366,0.016974525,0.017936812,0.021708546,0.023433518,0.021492659,0.018060049,0.017649223,0.018030435,0.017426783,0.018044331,0.014848905,0.027382862,0.020351203,0.020968901,0.024655361,0.026951506,0.027613827,0.030854584,0.028191319,0.028473265,0.031813164,0.029704389,0.03007377,0.032109271,0.0311717,0.030067138,0.030341471,0.027667575,0.032526351,0.026709743,0.030406709,0.029080593,0.030702344,0.029745492,0.03029426,0.030165016,0.016976525,0.024631846,0.02902017,0.028491433,0.032511261,0.016938959,0.009309095,0.020799168,0.024639843,0.028484653,0.009305486,0.022080133,0.022033071
C15.C1.C1b,173659,0.01226743,0.01001347,0.010336362,0.008215101,0.004714036,0.015063948,0.001013345,0.001617805,0.001869097,0.014529934,0.011226918,0,0.009603562,0.00978097,0.009816991,0.010206063,0.002122618,0.010520132,0.015881227,0.014587062,0.011316531,0.010631023,0.011460679,0.010448846,0.01031272,0.009974376,0.010013234,0.010697138,0.010809787,0.015319769,0.010426681,0.014438753,0.01154704,0.012161363,0.010240642,0.011456397,0.0100929,0.010225196,0.009791982,0.012224742,0.010027194,0.010451925,0.007503185,0.010632412,0.015278675,0.010391526,0.011096106,0.010411728,0.010454787,0.010369562,0.010907087,0.010510027,0.009804728,0.014596203,0.010355708,0.011481529,0.014543165,0.010272761,0.009823158,0.010807765,0.009719049,0.02156845,0.021325361,0.020905877,0.021089093,0.009890985,0.007151435,0.021471052,0.009466418,0.015597034,0.01488148,0.015036957,0.014396683,0.004159899,0.013438127,0.009961067,0.017352996,0.009888966,0.010237076,0.010832057,0.011677499,0.012206442,0.014002235,0.011051603,0.015032329,0.01166109,0.010480936,0.014748344,0.009583821,0.014766387,0.010450472,0.01601807,0.010094265,0.012609002,0.009226357,0.010038161,0.010854919,0.015413427,0.010336415,0.012571366,0.014358953,0.012183472,0.01273421,0.010776636,0.012997673,0.012618297,0.013423582,0.016651634,0.009947283,0.014210102,0.012349205,0.010501505,0.013555453,0.019930338,0.017766665,0.020138943,0.013186116,0.012891452,0.013328543,0.010515318,0.013035123,0.007787995,0.010453207,0.009920446,0.017165212,0.017188774,0.009513342,0.008476741,0.01697721,0.009449063,0.017060864,0.009466133,0.016698007,0.015399039,0.017998878,0.014950461,0.008590488,0.014360171,0.010071636,0.010086483,0.009735444,0.011034772,0.01111452,0.00958868,0.010550966,0.0143227,0.016048445,0.014106994,0.010674204,0.010263378,0.01064459,0.010040938,0.010658486,0.007890301,0.019997865,0.012965358,0.013583056,0.013431745,0.01572789,0.016390211,0.022769454,0.020804473,0.021086419,0.024426317,0.022317543,0.018850154,0.024722425,0.023784854,0.022680292,0.022954625,0.020280729,0.025139505,0.019322897,0.023019863,0.021693746,0.023315497,0.022358646,0.022907414,0.022778169,0.009591681,0.017247002,0.021635326,0.017267817,0.025124414,0.024917318,0.009597563,0.013416326,0.017257001,0.017261037,0.017278348,0.030058492,0.030011429
C15,174698,0.002664216,0.000411482,0.000734936,0.01397759,0.007370486,0.005461952,0.008600478,0.011220047,0.007735047,0.00492723,0.001625049,0.009603562,0,0.000178087,0.000214575,0.019808829,0.007885107,0.00092008,0.006287068,0.004992903,0.001715988,0.001028111,0.001862877,0.000845725,0.00071051,0.000371008,0.000412205,0.001095456,0.001210851,0.005718693,0.000826276,0.004842536,0.001950822,0.002564533,0.000638582,0.001855678,0.000489994,0.000624021,0.000188519,0.002623182,0.000425233,0.000851617,0.017105821,0.001032789,0.005684515,0.000790983,0.001493165,0.000811261,0.000854147,0.000768633,0.001304382,0.000908501,0.00020241,0.004993642,0.000754414,0.001880833,0.004949006,0.000671536,0.000220436,0.001208187,0.000115928,0.011965889,0.0117228,0.011303316,0.011486532,0.015652558,0.016752713,0.011868491,0.015228908,0.005995474,0.00527992,0.005435398,0.004795123,0.009406774,0.003836567,0.019563699,0.026954865,0.019492528,0.01983961,0.020434257,0.021279534,0.021809128,0.023605034,0.020653845,0.024635103,0.019462634,0.020084498,0.024351166,0.019186063,0.024368599,0.020052903,0.025619085,0.019696836,0.022211731,0.018828599,0.019640713,0.020457162,0.025015669,0.019939221,0.022174275,0.023960839,0.020999738,0.022336487,0.020379433,0.022600133,0.022221859,0.023026612,0.026252592,0.019549525,0.023811816,0.021952134,0.020103747,0.023157998,0.029532331,0.027368575,0.029740254,0.022789059,0.022494373,0.02293103,0.02011888,0.022637987,0.017151088,0.020055694,0.019524008,0.02676703,0.026790871,0.019116666,0.018079979,0.026579044,0.019052625,0.026662895,0.019068755,0.026300294,0.025000714,0.027600743,0.024552076,0.01819405,0.023962047,0.017803865,0.019689411,0.019339006,0.016797261,0.01687701,0.015351169,0.016313456,0.02008519,0.021810162,0.019869302,0.016436693,0.016025867,0.016407079,0.015803427,0.016420975,0.013225549,0.025759506,0.018727847,0.019345545,0.023032005,0.02532815,0.025990471,0.029231228,0.026567963,0.026849909,0.030189808,0.028081033,0.028450414,0.030485915,0.029548344,0.028443782,0.028718115,0.026044219,0.030902995,0.025086387,0.028783353,0.027457236,0.029078987,0.028122136,0.028670904,0.02854166,0.015353169,0.02300849,0.027396814,0.026868077,0.030887905,0.015314757,0.007685739,0.019175812,0.023016487,0.026861297,0.00768213,0.020455931,0.020408868
C15.C15by,173670,0.002842211,0.000588797,0.000912066,0.014154998,0.007547894,0.005639854,0.008777886,0.011397454,0.007912455,0.005105224,0.00180295,0.00978097,0.000178087,0,0.000244564,0.019986236,0.008062514,0.001097223,0.006464476,0.00517031,0.001893118,0.001205551,0.002040192,0.001023719,0.00088764,0.000549002,0.000589612,0.001272771,0.001387981,0.005895838,0.001003406,0.005019573,0.002127952,0.002741478,0.000816253,0.002032807,0.000667667,0.000801151,0.000366513,0.002801084,0.000602691,0.001028746,0.017283228,0.001210104,0.005861923,0.000968113,0.001671159,0.000988401,0.001031277,0.000945763,0.001481704,0.001085601,0.00037966,0.005171636,0.000931599,0.002057962,0.005126136,0.000848666,0.000397566,0.001385316,0.000293393,0.012143883,0.011900794,0.01148131,0.011664526,0.015829966,0.016930121,0.012046485,0.015406315,0.006173376,0.005457822,0.005613299,0.004973025,0.009584182,0.004014469,0.019741106,0.027132272,0.019669935,0.020017017,0.020611665,0.021456941,0.021986536,0.023782442,0.020831253,0.02481251,0.019640042,0.020261905,0.024528573,0.019363471,0.024546007,0.020230311,0.025796492,0.019874243,0.022389139,0.019006006,0.019818121,0.020634569,0.025193077,0.020116628,0.022351682,0.024138246,0.021177145,0.022513895,0.02055684,0.022777541,0.022399266,0.023204019,0.026429999,0.019726932,0.023989223,0.022129541,0.020281155,0.023335405,0.029709739,0.027545983,0.029917662,0.022966466,0.02267178,0.023108437,0.020296287,0.022815395,0.017328496,0.020233101,0.019701415,0.026944437,0.026968279,0.019294074,0.018257386,0.026756451,0.019230033,0.026840302,0.019246162,0.026477702,0.025178122,0.027778151,0.024729484,0.018371458,0.024139454,0.017981273,0.019866819,0.019516413,0.016974669,0.017054417,0.015528576,0.016490863,0.020262597,0.02198757,0.02004671,0.016614101,0.016203275,0.016584487,0.015980834,0.016598382,0.013402957,0.025936913,0.018905254,0.019522952,0.023209412,0.025505558,0.026167879,0.029408635,0.02674537,0.027027317,0.030367215,0.028258441,0.028627821,0.030663323,0.029725752,0.02862119,0.028895523,0.026221627,0.031080403,0.025263794,0.028960761,0.027634644,0.029256395,0.028299544,0.028848311,0.028719067,0.015530576,0.023185898,0.027574221,0.027045484,0.031065312,0.015492751,0.007863147,0.01935322,0.023193894,0.027038704,0.007859167,0.020633925,0.020586863
C15.C15bn.C15by,173703,0.002878679,0.000625199,0.000948576,0.014191019,0.007583915,0.005676304,0.008813907,0.011433475,0.007948476,0.005141693,0.0018394,0.009816991,0.000214575,0.000244564,0,0.020022257,0.008098536,0.00113372,0.006500672,0.005206507,0.001929628,0.001242057,0.002076594,0.001060188,0.00092415,0.000585471,0.000345048,0.001309172,0.001424491,0.005932445,0.001039915,0.005056137,0.002164462,0.002778096,0.000852654,0.002069317,0.000704117,0.000837661,0.000402995,0.002837534,0.00063911,0.001065256,0.01731925,0.001246506,0.005898119,0.001004623,0.001707628,0.001024901,0.001067787,0.000982273,0.001518226,0.001122102,0.000416088,0.005208105,0.000968054,0.002094472,0.005162495,0.000885176,0.000434076,0.001421826,0.000329947,0.012180352,0.011937263,0.011517779,0.011700995,0.015865987,0.016966142,0.012082954,0.015442336,0.006209826,0.005494271,0.005649749,0.005009475,0.009620203,0.004050918,0.019777127,0.027168293,0.019705956,0.020053038,0.020647686,0.021492962,0.022022557,0.023818463,0.020867274,0.024848531,0.019676063,0.020297926,0.024564594,0.019399492,0.024582028,0.020266332,0.025832513,0.019910264,0.02242516,0.019042027,0.019854142,0.02067059,0.025229098,0.020152649,0.022387703,0.024174267,0.021213166,0.022549916,0.020592861,0.022813562,0.022435287,0.02324004,0.02646602,0.019762953,0.024025244,0.022165562,0.020317176,0.023371426,0.02974576,0.027582004,0.029953683,0.023002487,0.022707801,0.023144458,0.020332308,0.022851416,0.017364517,0.020269122,0.019737436,0.026980458,0.0270043,0.019330095,0.018293407,0.026792472,0.019266054,0.026876323,0.019282183,0.026513723,0.025214143,0.027814172,0.024765505,0.018407479,0.024175475,0.018017294,0.01990284,0.019552434,0.01701069,0.017090438,0.015564597,0.016526884,0.020298618,0.022023591,0.020082731,0.016650122,0.016239296,0.016620508,0.016016855,0.016634403,0.013438978,0.025972934,0.018941275,0.019558973,0.023245433,0.025541579,0.0262039,0.029444656,0.026781391,0.027063338,0.030403236,0.028294462,0.028663842,0.030699344,0.029761773,0.028657211,0.028931544,0.026257648,0.031116424,0.025299815,0.028996782,0.027670665,0.029292416,0.028335565,0.028884332,0.028755088,0.015566597,0.023221919,0.027610242,0.027081505,0.031101333,0.01552922,0.007899168,0.019389241,0.023229915,0.027074725,0.007895731,0.020670394,0.020623332
